1.000000 0
A(x)=3.5x^8+6.0x^7+9.0x^4+2.3x^2+1.0x^0
100.000000 0
B(x)=9.0x^8+3.4x^7+6.0x^5+5.0x^3+100.0x^0
C(x)=12.5x^8+9.4x^7+6.0x^5+9.0x^4+5.0x^3+2.3x^2+101.0x^0
D(x)=-5.5x^8+2.6x^7-6.0x^5+9.0x^4-5.0x^3+2.3x^2-99.0x^0
E(x)=31.5x^16+65.9x^15+21.0x^13+48.1x^11+359.0x^8+20.4x^14+117.0x^12+50.7x^10+662.2x^7+61.8x^9+900.0x^4+17.5x^5+230.0x^2+5.0x^3+100.0x^0
